function Lerp(a, b, i)
local com1 = {a.X, a.Y, a.Z, a:toEulerAnglesXYZ()}
local com2 = {b.X, b.Y, b.Z, b:toEulerAnglesXYZ()}
local calx = com1[1] + (com2[1] - com1[1]) * i
local caly = com1[2] + (com2[2] - com1[2]) * i
local calz = com1[3] + (com2[3] - com1[3]) * i
local cala = com1[4] + (com2[4] - com1[4]) * i
local calb = com1[5] + (com2[5] - com1[5]) * i
local calc = com1[6] + (com2[6] - com1[6]) * i
return CFrame.new(calx, caly, calz) * CFrame.Angles(cala, calb, calc)
end
function TwnSingleNumber(s,f,m)
local wot=s+(f-s)*m
return wot
end
function TwnVector3(q,w,e)
local begin={q.x,q.y,q.z}
local ending={w.x,w.y,w.z}
local bgx=begin[1]+(ending[1]-begin[1])*e
local bgy=begin[2]+(ending[2]-begin[2])*e
local bgz=begin[3]+(ending[3]-begin[3])*e
return Vector3.new(bgx,bgy,bgz)
end
newWeld = function(wld, wp0, wp1, wc0x, wc0y, wc0z)
wld = Instance.new("Weld", wp1)
wld.Part0 = wp0
wld.Part1 = wp1
wld.C0 = CFrame.new(wc0x, wc0y, wc0z)
end

local angles = CFrame.Angles
function clerp(a, b, t)
	return a:lerp(b, t)
end
	
	
	
	Player=game:GetService('Players').LocalPlayer
	Character=Player.Character
	Mouse=Player:GetMouse()
	m=Instance.new('Model',Character)


	local function weldBetween(a, b)
	    local weldd = Instance.new("ManualWeld")
	    weldd.Part0 = a
	    weldd.Part1 = b
	    weldd.C0 = CFrame.new()
	    weldd.C1 = b.CFrame:inverse() * a.CFrame
	    weldd.Parent = a
	    return weldd
	end
	
	it=Instance.new
	
	function nooutline(part)
		part.TopSurface,part.BottomSurface,part.LeftSurface,part.RightSurface,part.FrontSurface,part.BackSurface = 10,10,10,10,10,10
	end
	
	function part(formfactor,parent,material,reflectance,transparency,brickcolor,name,size)
		local fp=it("Part")
		fp.formFactor=formfactor
		fp.Parent=parent
		fp.Reflectance=reflectance
		fp.Transparency=transparency
		fp.CanCollide=false
		fp.Locked=true
		fp.BrickColor=BrickColor.new(tostring(brickcolor))
		fp.Name=name
		fp.Size=size
		fp.Position=Character.Torso.Position
		nooutline(fp)
		fp.Material=material
		fp:BreakJoints()
		return fp
	end
	
	function mesh(Mesh,part,meshtype,meshid,offset,scale,TextureId)
		local mesh=it(Mesh)
		mesh.Parent=part
		if Mesh=="SpecialMesh" then
			mesh.MeshType=meshtype
			mesh.MeshId=meshid
			mesh.TextureId=TextureId
		end
		mesh.Offset=offset
		mesh.Scale=scale
		return mesh
	end
	
	function weld(parent,part0,part1,c0,c1)
		local weld=it("Weld")
		weld.Parent=parent
		weld.Part0=part0
		weld.Part1=part1
		weld.C0=c0
		weld.C1=c1
		return weld
	end
	
m = it("Model")
m.Parent=Character

Main=part(Enum.FormFactor.Custom,m,Enum.Material.Wood,0,0,"Reddish brown","Handle",Vector3.new(1.00543773, 0.391631365, 0.391631335))
Mainweld=weld(m,Character["Head"],Main,CFrame.new(0, 0, 0, 1, 0, 0, 0, 1, 0, 0, 0, 1),CFrame.new(0.998975754, -0.000682830811, 0.0148563385, 0.0259631723, -0.999661982, -1.41156534e-007, 0.156423151, 0.00406276854, -0.987683594, 0.987348855, 0.0256432407, 0.15647614))
Leaves=part(Enum.FormFactor.Custom,m,Enum.Material.Wood,0,0,"Earth green","Leaves",Vector3.new(0.319832206, 0.267614752, 0.620082855))
Leavesweld=weld(m,Main,Leaves,CFrame.new(0, 0, 0, 1, 0, 0, 0, 1, 0, 0, 0, 1),CFrame.new(-0.667888641, -1.17265511, -4.11537647, -0.307717472, -0.732821405, -0.606864095, -0.415549904, -0.470260233, 0.778572559, -0.855934322, 0.49176544, -0.159816712))
mesh("BlockMesh",Leaves,"","",Vector3.new(0, 0, 0),Vector3.new(1, 1, 1))
Leaves=part(Enum.FormFactor.Custom,m,Enum.Material.Wood,0,0,"Earth green","Leaves",Vector3.new(0.319832206, 0.300250679, 1.62526977))
Leavesweld=weld(m,Main,Leaves,CFrame.new(0, 0, 0, 1, 0, 0, 0, 1, 0, 0, 0, 1),CFrame.new(0.0373382568, -0.0377731323, -1.29580498, 0.241122589, 0.410154879, -0.879564464, -0.249729916, -0.84956497, -0.46462521, -0.937811315, 0.331687301, -0.10242179))
mesh("BlockMesh",Leaves,"","",Vector3.new(0, 0, 0),Vector3.new(1, 1, 1))
Leaves=part(Enum.FormFactor.Custom,m,Enum.Material.Wood,0,0,"Earth green","Leaves",Vector3.new(0.319832206, 0.215397224, 0.789789677))
Leavesweld=weld(m,Main,Leaves,CFrame.new(0, 0, 0, 1, 0, 0, 0, 1, 0, 0, 0, 1),CFrame.new(2.24422169, 0.901660919, 2.22398949, 0.830045879, -0.196358129, -0.521981716, 0.194380537, 0.979137838, -0.0592279062, 0.522720158, -0.0523018688, 0.850898623))
mesh("BlockMesh",Leaves,"","",Vector3.new(0, 0, 0),Vector3.new(1, 1, 1))
Leaves=part(Enum.FormFactor.Custom,m,Enum.Material.Wood,0,0,"Earth green","Leaves",Vector3.new(0.319832206, 0.267614752, 0.620082855))
Leavesweld=weld(m,Main,Leaves,CFrame.new(0, 0, 0, 1, 0, 0, 0, 1, 0, 0, 0, 1),CFrame.new(1.30892372, 0.328653336, 2.35482407, 0.195294321, 0.86321938, -0.465529501, -0.659666002, 0.466868699, 0.58896023, 0.725739121, 0.192073628, 0.660612106))
mesh("BlockMesh",Leaves,"","",Vector3.new(0, 0, 0),Vector3.new(1, 1, 1))
Leaves=part(Enum.FormFactor.Custom,m,Enum.Material.Wood,0,0,"Earth green","Leaves",Vector3.new(0.319832206, 0.300250679, 1.33807349))
Leavesweld=weld(m,Main,Leaves,CFrame.new(0, 0, 0, 1, 0, 0, 0, 1, 0, 0, 0, 1),CFrame.new(-0.137468338, -0.124969482, -1.01147842, -0.5271101, -0.187228858, -0.828914702, 0.305161655, -0.952071011, 0.0209922045, -0.793112099, -0.241888911, 0.558981717))
mesh("BlockMesh",Leaves,"","",Vector3.new(0, 0, 0),Vector3.new(1, 1, 1))
Leaves=part(Enum.FormFactor.Custom,m,Enum.Material.Wood,0,0,"Earth green","Leaves",Vector3.new(0.319832206, 0.215397224, 0.789789677))
Leavesweld=weld(m,Main,Leaves,CFrame.new(0, 0, 0, 1, 0, 0, 0, 1, 0, 0, 0, 1),CFrame.new(0.55840683, 0.674345016, -1.4660635, -0.575559855, -0.690740705, -0.437731206, 0.325238317, -0.684482634, 0.652462006, -0.750297606, 0.23316434, 0.618616521))
mesh("BlockMesh",Leaves,"","",Vector3.new(0, 0, 0),Vector3.new(1, 1, 1))
Leaves=part(Enum.FormFactor.Custom,m,Enum.Material.Wood,0,0,"Earth green","Leaves",Vector3.new(0.319832206, 0.215397224, 0.789789677))
Leavesweld=weld(m,Main,Leaves,CFrame.new(0, 0, 0, 1, 0, 0, 0, 1, 0, 0, 0, 1),CFrame.new(-0.325763702, -0.334119797, 1.08664703, -0.924382925, 0.166843235, 0.3430399, 0.00804173946, -0.890556693, 0.454806626, 0.381375641, 0.423175007, 0.821873903))
mesh("BlockMesh",Leaves,"","",Vector3.new(0, 0, 0),Vector3.new(1, 1, 1))
Leaves=part(Enum.FormFactor.Custom,m,Enum.Material.Wood,0,0,"Earth green","Leaves",Vector3.new(0.319832206, 0.267614752, 0.620082855))
Leavesweld=weld(m,Main,Leaves,CFrame.new(0, 0, 0, 1, 0, 0, 0, 1, 0, 0, 0, 1),CFrame.new(0.426496506, 0.919522285, -4.10405731, 0.182514668, -0.931029439, -0.316031694, 0.295572758, -0.254606694, 0.920768082, -0.937720537, -0.261464924, 0.228718251))
mesh("BlockMesh",Leaves,"","",Vector3.new(0, 0, 0),Vector3.new(1, 1, 1))
Leaves=part(Enum.FormFactor.Custom,m,Enum.Material.Wood,0,0,"Earth green","Leaves",Vector3.new(0.319832206, 0.215397224, 0.789789677))
Leavesweld=weld(m,Main,Leaves,CFrame.new(0, 0, 0, 1, 0, 0, 0, 1, 0, 0, 0, 1),CFrame.new(0.63927269, -1.53593445, -1.95127964, 0.665423691, -0.0700117052, -0.743174076, -0.62001425, -0.606250107, -0.498038232, -0.415679842, 0.792188168, -0.446822703))
mesh("BlockMesh",Leaves,"","",Vector3.new(0, 0, 0),Vector3.new(1, 1, 1))
Leaves=part(Enum.FormFactor.Custom,m,Enum.Material.Wood,0,0,"Earth green","Leaves",Vector3.new(0.215397209, 0.200000003, 0.913806379))
Leavesweld=weld(m,Main,Leaves,CFrame.new(0, 0, 0, 1, 0, 0, 0, 1, 0, 0, 0, 1),CFrame.new(-0.118436813, 0.462921143, -1.20408821, -0.16265811, 0.365683019, -0.916416764, -0.267862529, -0.910270572, -0.31568554, -0.949624181, 0.194125772, 0.2460161))
mesh("BlockMesh",Leaves,"","",Vector3.new(0, 0, 0),Vector3.new(1, 0.815898538, 1))
Leaves=part(Enum.FormFactor.Custom,m,Enum.Material.Wood,0,0,"Earth green","Leaves",Vector3.new(0.319832206, 0.267614752, 0.620082855))
Leavesweld=weld(m,Main,Leaves,CFrame.new(0, 0, 0, 1, 0, 0, 0, 1, 0, 0, 0, 1),CFrame.new(-0.35203743, -0.0328450203, 1.66075516, -0.454806864, 0.375888705, -0.807378054, -0.763538897, 0.302078068, 0.57074964, 0.458427042, 0.876050055, 0.149617344))
mesh("BlockMesh",Leaves,"","",Vector3.new(0, 0, 0),Vector3.new(1, 1, 1))
Leaves=part(Enum.FormFactor.Custom,m,Enum.Material.Wood,0,0,"Earth green","Leaves",Vector3.new(0.215397209, 0.200000003, 1.63179696))
Leavesweld=weld(m,Main,Leaves,CFrame.new(0, 0, 0, 1, 0, 0, 0, 1, 0, 0, 0, 1),CFrame.new(0.0205898285, 0.31018734, -1.64220428, 0.222580895, -0.216673881, -0.950532079, 0.372626781, -0.882056117, 0.288321376, -0.900889814, -0.418369651, -0.115590364))
mesh("BlockMesh",Leaves,"","",Vector3.new(0, 0, 0),Vector3.new(1, 0.815898538, 1))
Leaves=part(Enum.FormFactor.Custom,m,Enum.Material.Wood,0,0,"Earth green","Leaves",Vector3.new(0.319832206, 0.267614752, 0.620082855))
Leavesweld=weld(m,Main,Leaves,CFrame.new(0, 0, 0, 1, 0, 0, 0, 1, 0, 0, 0, 1),CFrame.new(-1.10297966, -0.55796051, 3.29296875, -0.212178066, 0.972045958, 0.100560337, -0.681627691, -0.220949829, 0.697541058, 0.700255394, 0.0794574469, 0.709454596))
mesh("BlockMesh",Leaves,"","",Vector3.new(0, 0, 0),Vector3.new(1, 1, 1))
Leaves=part(Enum.FormFactor.Custom,m,Enum.Material.Wood,0,0,"Earth green","Leaves",Vector3.new(0.319832206, 0.215397224, 0.789789677))
Leavesweld=weld(m,Main,Leaves,CFrame.new(0, 0, 0, 1, 0, 0, 0, 1, 0, 0, 0, 1),CFrame.new(-0.241676331, -0.25841713, -4.50185394, -0.0644369423, -0.988749385, -0.135004789, -0.0245412681, -0.13367568, 0.990722418, -0.997617304, 0.067152828, -0.0156512409))
mesh("BlockMesh",Leaves,"","",Vector3.new(0, 0, 0),Vector3.new(1, 1, 1))
Leaves=part(Enum.FormFactor.Custom,m,Enum.Material.Wood,0,0,"Earth green","Leaves",Vector3.new(0.319832206, 0.267614752, 0.620082855))
Leavesweld=weld(m,Main,Leaves,CFrame.new(0, 0, 0, 1, 0, 0, 0, 1, 0, 0, 0, 1),CFrame.new(-0.211748123, -1.70769119, 3.67618179, -0.015875753, 0.68593812, -0.727489531, -0.712952673, 0.502357125, 0.489219487, 0.701029956, 0.526434422, 0.481064856))
mesh("BlockMesh",Leaves,"","",Vector3.new(0, 0, 0),Vector3.new(1, 1, 1))
Leaves=part(Enum.FormFactor.Custom,m,Enum.Material.Wood,0,0,"Earth green","Leaves",Vector3.new(0.319832206, 0.267614752, 0.620082855))
Leavesweld=weld(m,Main,Leaves,CFrame.new(0, 0, 0, 1, 0, 0, 0, 1, 0, 0, 0, 1),CFrame.new(0.106702805, 0.447364807, -2.40539169, -0.226430789, 0.142651513, -0.963524818, -0.725730062, -0.684488595, 0.069211185, -0.649645388, 0.714934587, 0.258515269))
mesh("BlockMesh",Leaves,"","",Vector3.new(0, 0, 0),Vector3.new(1, 1, 1))
Leaves=part(Enum.FormFactor.Custom,m,Enum.Material.Wood,0,0,"Earth green","Leaves",Vector3.new(0.215397209, 0.200000003, 0.61355567))
Leavesweld=weld(m,Main,Leaves,CFrame.new(0, 0, 0, 1, 0, 0, 0, 1, 0, 0, 0, 1),CFrame.new(0.295165062, -1.56227112, -1.34210205, 0.0773323998, 0.598757446, -0.797189474, -0.047645539, -0.796451449, -0.602823853, -0.995863438, 0.0846009031, -0.0330636278))
mesh("BlockMesh",Leaves,"","",Vector3.new(0, 0, 0),Vector3.new(1, 0.815898538, 1))
Bark=part(Enum.FormFactor.Custom,m,Enum.Material.Wood,0,0,"Reddish brown","Bark",Vector3.new(1.12920308, 0.200000003, 0.200000003))
Barkweld=weld(m,Main,Bark,CFrame.new(0, 0, 0, 1, 0, 0, 0, 1, 0, 0, 0, 1),CFrame.new(-1.57110596, -0.274319649, 0.228347778, -0.331928074, 0.909947634, 0.248643339, -0.427634358, -0.380102515, 0.820153713, 0.840801477, 0.165903404, 0.515291035))
mesh("BlockMesh",Bark,"","",Vector3.new(0, 0, 0),Vector3.new(1, 0.652718604, 0.652718544))
Bark=part(Enum.FormFactor.Custom,m,Enum.Material.Wood,0,0,"Reddish brown","Bark",Vector3.new(0.855061233, 0.200000003, 0.200000003))
Barkweld=weld(m,Main,Bark,CFrame.new(0, 0, 0, 1, 0, 0, 0, 1, 0, 0, 0, 1),CFrame.new(-0.591110229, -0.340305328, 0.321567535, -0.198350713, 0.924645722, 0.325102508, -0.604596198, -0.376497239, 0.701934874, 0.77143687, -0.0573280752, 0.633715808))
mesh("BlockMesh",Bark,"","",Vector3.new(0, 0, 0),Vector3.new(1, 0.652718604, 0.652718544))
Bark=part(Enum.FormFactor.Custom,m,Enum.Material.Wood,0,0,"Reddish brown","Bark",Vector3.new(0.992132485, 0.200000003, 0.200000003))
Barkweld=weld(m,Main,Bark,CFrame.new(0, 0, 0, 1, 0, 0, 0, 1, 0, 0, 0, 1),CFrame.new(3.07857132, -0.852905273, 1.55200577, 0.68184799, 0.370509744, 0.630717397, -0.28487739, -0.659659863, 0.69548434, 0.673738778, -0.653894126, -0.344236314))
mesh("BlockMesh",Bark,"","",Vector3.new(0, 0, 0),Vector3.new(1, 0.652718842, 0.652718782))
Bark=part(Enum.FormFactor.Custom,m,Enum.Material.Wood,0,0,"Reddish brown","Bark",Vector3.new(0.855061591, 0.200000003, 0.200000003))
Barkweld=weld(m,Main,Bark,CFrame.new(0, 0, 0, 1, 0, 0, 0, 1, 0, 0, 0, 1),CFrame.new(-1.29565144, 0.504840851, 1.78237534, -0.429925382, -0.200945795, 0.880218744, 0.251898438, -0.962904572, -0.0967838168, 0.867009878, 0.180115715, 0.464594632))
mesh("BlockMesh",Bark,"","",Vector3.new(0, 0, 0),Vector3.new(1, 0.652718842, 0.652718782))
Bark=part(Enum.FormFactor.Custom,m,Enum.Material.Wood,0,0,"Reddish brown","Bark",Vector3.new(1.33807445, 0.200000003, 0.200000003))
Barkweld=weld(m,Main,Bark,CFrame.new(0, 0, 0, 1, 0, 0, 0, 1, 0, 0, 0, 1),CFrame.new(2.50593567, -0.450271606, 0.754555225, 0.652393103, -0.279083729, 0.704624653, -0.396861374, -0.917873025, 0.00390309095, 0.645662844, -0.282185078, -0.709569991))
mesh("BlockMesh",Bark,"","",Vector3.new(0, 0, 0),Vector3.new(1, 0.652719378, 0.652719259))
Bark=part(Enum.FormFactor.Custom,m,Enum.Material.Wood,0,0,"Reddish brown","Bark",Vector3.new(0.815898418, 0.200000003, 0.200000003))
Barkweld=weld(m,Main,Bark,CFrame.new(0, 0, 0, 1, 0, 0, 0, 1, 0, 0, 0, 1),CFrame.new(1.15167236, -1.59879112, 2.2149353, 0.286338568, 0.669376433, 0.685526431, -0.56236881, -0.461861789, 0.685876369, 0.775723577, -0.5819152, 0.244189009))
mesh("BlockMesh",Bark,"","",Vector3.new(0, 0, 0),Vector3.new(1, 0.652718842, 0.652718782))
Bark=part(Enum.FormFactor.Custom,m,Enum.Material.Wood,0,0,"Reddish brown","Bark",Vector3.new(0.855062187, 0.200000003, 0.200000003))
Barkweld=weld(m,Main,Bark,CFrame.new(0, 0, 0, 1, 0, 0, 0, 1, 0, 0, 0, 1),CFrame.new(0.93443203, -0.00343322754, 1.57012177, 0.271125436, -0.356629699, 0.894040942, 0.00420079008, -0.928386092, -0.371600032, 0.962532699, 0.104506589, -0.250210643))
mesh("BlockMesh",Bark,"","",Vector3.new(0, 0, 0),Vector3.new(1, 0.652719378, 0.652719259))
Bark=part(Enum.FormFactor.Custom,m,Enum.Material.Wood,0,0,"Reddish brown","Bark",Vector3.new(1.26627433, 0.200000003, 0.200000003))
Barkweld=weld(m,Main,Bark,CFrame.new(0, 0, 0, 1, 0, 0, 0, 1, 0, 0, 0, 1),CFrame.new(2.93101501, -0.311177254, -2.19377899, 0.713877678, -0.674749613, 0.187328994, -0.0678355247, 0.199616969, 0.977522731, -0.69697386, -0.710542977, 0.0967310071))
mesh("BlockMesh",Bark,"","",Vector3.new(0, 0, 0),Vector3.new(1, 0.652718842, 0.652718782))
Bark=part(Enum.FormFactor.Custom,m,Enum.Material.Wood,0,0,"Reddish brown","Bark",Vector3.new(0.620082736, 0.200000003, 0.200000003))
Barkweld=weld(m,Main,Bark,CFrame.new(0, 0, 0, 1, 0, 0, 0, 1, 0, 0, 0, 1),CFrame.new(2.86171341, 0.0645160675, 2.48277092, 0.721608996, 0.665540099, -0.190624639, 0.035547059, 0.239365965, 0.970278382, 0.691384673, -0.706941485, 0.149071783))
mesh("BlockMesh",Bark,"","",Vector3.new(0, 0, 0),Vector3.new(1, 0.652718842, 0.652718782))
Bark=part(Enum.FormFactor.Custom,m,Enum.Material.Wood,0,0,"Reddish brown","Bark",Vector3.new(0.855061591, 0.200000003, 0.200000003))
Barkweld=weld(m,Main,Bark,CFrame.new(0, 0, 0, 1, 0, 0, 0, 1, 0, 0, 0, 1),CFrame.new(-2.66437531, 0.573194504, 0.953216553, -0.731491506, -0.190567404, 0.654677629, 0.329860628, -0.939222574, 0.0951739848, 0.596747041, 0.285571158, 0.749893129))
mesh("BlockMesh",Bark,"","",Vector3.new(0, 0, 0),Vector3.new(1, 0.652718842, 0.652718782))
Bark=part(Enum.FormFactor.Custom,m,Enum.Material.Wood,0,0,"Reddish brown","Bark",Vector3.new(2.22577143, 0.261087567, 0.261087567))
Barkweld=weld(m,Main,Bark,CFrame.new(0, 0, 0, 1, 0, 0, 0, 1, 0, 0, 0, 1),CFrame.new(1.57544899, 0.0153198242, 0.0132718086, 0.999492347, -0.0280659925, -0.0149522554, 0.0293363091, 0.995245755, 0.0929058939, 0.0122738481, -0.093298912, 0.995562732))
mesh("BlockMesh",Bark,"","",Vector3.new(0, 0, 0),Vector3.new(1, 1, 1))
Bark=part(Enum.FormFactor.Custom,m,Enum.Material.Wood,0,0,"Reddish brown","Bark",Vector3.new(1.73623216, 0.200000003, 0.200000003))
Barkweld=weld(m,Main,Bark,CFrame.new(0, 0, 0, 1, 0, 0, 0, 1, 0, 0, 0, 1),CFrame.new(3.51502991, -0.0483207703, 0.115712166, 0.998743057, 0.00456352811, -0.0498676114, 0.00510538789, 0.981373668, 0.192056999, 0.049815204, -0.192072213, 0.980116189))
mesh("BlockMesh",Bark,"","",Vector3.new(0, 0, 0),Vector3.new(1, 0.652718902, 0.652718902))
Bark=part(Enum.FormFactor.Custom,m,Enum.Material.Wood,0,0,"Reddish brown","Bark",Vector3.new(1.08351338, 0.200000003, 0.200000003))
Barkweld=weld(m,Main,Bark,CFrame.new(0, 0, 0, 1, 0, 0, 0, 1, 0, 0, 0, 1),CFrame.new(2.00880814, 0.238068581, -0.391887665, 0.735108316, 0.511604667, 0.44483012, -0.640004098, 0.307272673, 0.704255223, 0.223615214, -0.802402437, 0.553309202))
mesh("BlockMesh",Bark,"","",Vector3.new(0, 0, 0),Vector3.new(1, 0.652718961, 0.652718902))
Bark=part(Enum.FormFactor.Custom,m,Enum.Material.Wood,0,0,"Reddish brown","Bark",Vector3.new(1.48167193, 0.200000003, 0.200000003))
Barkweld=weld(m,Main,Bark,CFrame.new(0, 0, 0, 1, 0, 0, 0, 1, 0, 0, 0, 1),CFrame.new(0.843318939, -0.22281456, -0.0614938736, 0.423378617, 0.777047336, 0.4657785, -0.905949771, 0.363134891, 0.217678815, 6.69871724e-006, -0.514136076, 0.857710004))
mesh("BlockMesh",Bark,"","",Vector3.new(0, 0, 0),Vector3.new(1, 0.652718961, 0.652718902))
Leaves=part(Enum.FormFactor.Custom,m,Enum.Material.Wood,0,0,"Earth green","Leaves",Vector3.new(0.319832206, 0.215397224, 0.789789677))
Leavesweld=weld(m,Main,Leaves,CFrame.new(0, 0, 0, 1, 0, 0, 0, 1, 0, 0, 0, 1),CFrame.new(-1.49554634, -0.0937576294, -2.04328537, -0.776799858, 0.297769368, -0.554900169, -0.0153143909, -0.889822185, -0.456053913, -0.629558086, -0.345766127, 0.695774317))
mesh("BlockMesh",Leaves,"","",Vector3.new(0, 0, 0),Vector3.new(1, 1, 1))
Leaves=part(Enum.FormFactor.Custom,m,Enum.Material.Wood,0,0,"Earth green","Leaves",Vector3.new(0.319832206, 0.267614752, 0.620082855))
Leavesweld=weld(m,Main,Leaves,CFrame.new(0, 0, 0, 1, 0, 0, 0, 1, 0, 0, 0, 1),CFrame.new(0.271774292, -2.37092018, -2.4095633, -0.0178592112, 0.9994964, -0.0263367891, -0.93412739, -0.0260705464, -0.355980337, -0.356485963, 0.0182440728, 0.934122503))
mesh("BlockMesh",Leaves,"","",Vector3.new(0, 0, 0),Vector3.new(1, 1, 1))
Leaves=part(Enum.FormFactor.Custom,m,Enum.Material.Wood,0,0,"Earth green","Leaves",Vector3.new(0.200000003, 0.200000003, 0.933387876))
Leavesweld=weld(m,Main,Leaves,CFrame.new(0, 0, 0, 1, 0, 0, 0, 1, 0, 0, 0, 1),CFrame.new(-0.160387039, -0.918234825, -2.90097046, -0.0717867762, 0.922631383, 0.378945768, -0.412739128, 0.318393081, -0.853389025, -0.908012867, -0.217668548, 0.357950032))
mesh("BlockMesh",Leaves,"","",Vector3.new(0, 0, 0),Vector3.new(0.783262551, 0.815898538, 1))
	
m7 = it("Model")
m7.Parent=Character

handle1=part(Enum.FormFactor.Brick,m7,Enum.Material.Grass,0,0,"Burnt Sienna","Handle",Vector3.new(2, 1.5, 2))
handle1weld=weld(m7,Character["Torso"],handle1,CFrame.new(0, 0, 0, 1, 0, 0, 0, 1, 0, 0, 0, 1),CFrame.new(4.01000214, -0.200065851, -0.00998878479, 0, 0, -1, 0, 1, 0, 1, 0, 0))
Brick=part(Enum.FormFactor.Custom,m7,Enum.Material.Wood,0,0,"Brown","Brick",Vector3.new(1.19822073, 0.482865095, 0.565131068))
Brickweld=weld(m7,handle1,Brick,CFrame.new(0, 0, 0, 1, 0, 0, 0, 1, 0, 0, 0, 1),CFrame.new(-1.32812309, -0.801078796, 0.0684528351, 0.327871025, 0.944722533, -0.000137110197, -0.888900518, 0.308546871, 0.338607043, 0.319931984, -0.110897548, 0.940927863))
mesh("BlockMesh",Brick,"","",Vector3.new(0, 0, 0),Vector3.new(1, 1, 1))
Brick=part(Enum.FormFactor.Custom,m7,Enum.Material.Wood,0,0,"Brown","Brick",Vector3.new(0.357677996, 0.311179727, 0.536516786))
Brickweld=weld(m7,handle1,Brick,CFrame.new(0, 0, 0, 1, 0, 0, 0, 1, 0, 0, 0, 1),CFrame.new(-2.10460758, 0.458709717, 0.523349762, -5.92951619e-006, 0.967170179, 0.254129559, -0.94190824, -0.0853600353, 0.324842513, 0.335870504, -0.239364788, 0.910986006))
mesh("BlockMesh",Brick,"","",Vector3.new(0, 0, 0),Vector3.new(1, 1, 1))
Brick=part(Enum.FormFactor.Custom,m7,Enum.Material.Wood,0,0,"Brown","Brick",Vector3.new(0.490018785, 0.311179727, 0.275412023))
Brickweld=weld(m7,handle1,Brick,CFrame.new(0, 0, 0, 1, 0, 0, 0, 1, 0, 0, 0, 1),CFrame.new(-2.31361127, 0.299758911, -0.212615967, 0.0673504695, 0.995415568, -0.0679108202, -0.709250152, -0.000106359839, -0.704956949, -0.701732278, 0.095644936, 0.705991387))
mesh("BlockMesh",Brick,"","",Vector3.new(0, 0, 0),Vector3.new(1, 1, 1))
Brick=part(Enum.FormFactor.Custom,m7,Enum.Material.Wood,0,0,"Brown","Brick",Vector3.new(0.85842675, 1.07303357, 0.794044793))
Brickweld=weld(m7,handle1,Brick,CFrame.new(0, 0, 0, 1, 0, 0, 0, 1, 0, 0, 0, 1),CFrame.new(-0.216270447, -1.35249329, -0.515544891, 0.848260522, 0.0966747105, -0.520680308, -0.166342646, 0.982074738, -0.0886534899, 0.502776444, 0.161812603, 0.849136412))
mesh("BlockMesh",Brick,"","",Vector3.new(0, 0, 0),Vector3.new(1, 1, 1))
Brick=part(Enum.FormFactor.Custom,m7,Enum.Material.Wood,0,0,"Brown","Brick",Vector3.new(0.85842675, 1.07303357, 0.85842675))
Brickweld=weld(m7,handle1,Brick,CFrame.new(0, 0, 0, 1, 0, 0, 0, 1, 0, 0, 0, 1),CFrame.new(-0.0262756348, -1.57757139, -0.00284004211, 1, 3.23602471e-005, -9.4147319e-005, -3.23713284e-005, 1, -0.000117716714, 9.41435137e-005, 0.000117719763, 1))
mesh("BlockMesh",Brick,"","",Vector3.new(0, 0, 0),Vector3.new(1, 1, 1))
Brick=part(Enum.FormFactor.Custom,m7,Enum.Material.Wood,0,0,"Brown","Brick",Vector3.new(0.443520546, 0.482865095, 0.794044793))
Brickweld=weld(m7,handle1,Brick,CFrame.new(0, 0, 0, 1, 0, 0, 0, 1, 0, 0, 0, 1),CFrame.new(0.000694274902, -1.37122917, 0.0368766785, 0.922427893, -1.30095996e-005, -0.386169523, -0.127287492, 0.94410497, -0.3040784, 0.364588499, 0.329644918, 0.870867074))
mesh("BlockMesh",Brick,"","",Vector3.new(0, 0, 0),Vector3.new(1, 1, 1))
Part=part(Enum.FormFactor.Brick,m7,Enum.Material.Grass,0,0,"Earth green","Part",Vector3.new(2, 0.399999976, 2))
Partweld=weld(m7,handle1,Part,CFrame.new(0, 0, 0, 1, 0, 0, 0, 1, 0, 0, 0, 1),CFrame.new(0, -0.950022936, 0, 1, 0, 0, 0, 1, 0, 0, 0, 1))
	
	
	
	
	
	
	

handle2=part(Enum.FormFactor.Brick,m7,Enum.Material.Grass,0,0,"Burnt Sienna","Handle",Vector3.new(2, 1.5, 2))
handle2weld=weld(m7,Character["Torso"],handle2,CFrame.new(0, 0, 0, 1, 0, 0, 0, 1, 0, 0, 0, 1),CFrame.new(-3.99001312, -0.20006299, -0.00998687744, 0, 0, -1, 0, 1, 0, 1, 0, 0))
Part=part(Enum.FormFactor.Brick,m7,Enum.Material.Grass,0,0,"Earth green","Part",Vector3.new(2, 0.399999976, 2))
Partweld=weld(m7,handle2,Part,CFrame.new(0, 0, 0, 1, 0, 0, 0, 1, 0, 0, 0, 1),CFrame.new(0, -0.950021982, 0, 1, 0, 0, 0, 1, 0, 0, 0, 1))
Brick=part(Enum.FormFactor.Custom,m7,Enum.Material.Grass,0,0,"Brick yellow","Brick",Vector3.new(0.200000003, 0.300000012, 0.200000003))
Brickweld=weld(m7,handle2,Brick,CFrame.new(0, 0, 0, 1, 0, 0, 0, 1, 0, 0, 0, 1),CFrame.new(0.498094559, -1.17303371, 0.372375488, -0.0898671746, -0.171863884, -0.981013119, -0.157070428, 0.975117803, -0.156442434, 0.983490169, 0.140029103, -0.114625812))
mesh("BlockMesh",Brick,"","",Vector3.new(0, 0, 0),Vector3.new(0.27091679, 1, 0.298008472))
Brick=part(Enum.FormFactor.Custom,m7,Enum.Material.Grass,0,0,"Brick yellow","Brick",Vector3.new(0.200000003, 0.300000012, 0.200000003))
Brickweld=weld(m7,handle2,Brick,CFrame.new(0, 0, 0, 1, 0, 0, 0, 1, 0, 0, 0, 1),CFrame.new(0.0816192627, -1.16675711, 0.0781936646, 0.703120649, -0.167977154, 0.690945089, 0.155899867, 0.984471679, 0.0806899741, -0.693769932, 0.050983455, 0.718389869))
mesh("BlockMesh",Brick,"","",Vector3.new(0, 0, 0),Vector3.new(0.27091679, 1, 0.298008472))
Brick=part(Enum.FormFactor.Custom,m7,Enum.Material.Grass,0,0,"Brick yellow","Brick",Vector3.new(0.200000003, 0.300000012, 0.200000003))
Brickweld=weld(m7,handle2,Brick,CFrame.new(0, 0, 0, 1, 0, 0, 0, 1, 0, 0, 0, 1),CFrame.new(0.257558823, -1.17673492, 0.509040833, -0.167025968, -0.340009511, -0.925470591, -0.191880628, 0.931918859, -0.307748526, 0.967100918, 0.126177892, -0.220895872))
mesh("BlockMesh",Brick,"","",Vector3.new(0, 0, 0),Vector3.new(0.27091679, 1, 0.298008472))
Brick=part(Enum.FormFactor.Custom,m7,Enum.Material.Grass,0,0,"Brick yellow","Brick",Vector3.new(0.200000003, 0.300000012, 0.200000003))
Brickweld=weld(m7,handle2,Brick,CFrame.new(0, 0, 0, 1, 0, 0, 0, 1, 0, 0, 0, 1),CFrame.new(-0.0380401611, -1.2267561, 0.0987167358, -0.381760478, -0.167817891, -0.908898354, -0.112652399, 0.984494925, -0.134459063, 0.917370319, 0.0510584153, -0.394746363))
mesh("BlockMesh",Brick,"","",Vector3.new(0, 0, 0),Vector3.new(0.27091679, 1, 0.298008472))
Brick=part(Enum.FormFactor.Custom,m7,Enum.Material.Grass,0,0,"Earth green","Brick",Vector3.new(0.200000003, 0.300000012, 0.200000003))
Brickweld=weld(m7,handle2,Brick,CFrame.new(0, 0, 0, 1, 0, 0, 0, 1, 0, 0, 0, 1),CFrame.new(0.741851807, -1.07679939, -0.0688495636, 0.915227354, -0.1678859, -0.3662965, 0.136454359, 0.984489083, -0.110279575, 0.379129261, 0.0509481318, 0.923940122))
mesh("BlockMesh",Brick,"","",Vector3.new(0, 0, 0),Vector3.new(0.27091679, 1, 0.298008472))
Brick=part(Enum.FormFactor.Custom,m7,Enum.Material.Grass,0,0,"Brick yellow","Brick",Vector3.new(0.200000003, 0.300000012, 0.200000003))
Brickweld=weld(m7,handle2,Brick,CFrame.new(0, 0, 0, 1, 0, 0, 0, 1, 0, 0, 0, 1),CFrame.new(0.838516235, -1.37812233, -0.414409637, 0.862166822, 0.246953562, -0.442359954, -0.27449435, 0.961587012, 0.00182524766, 0.425818324, 0.119851634, 0.896835744))
mesh("BlockMesh",Brick,"","",Vector3.new(0, 0, 0),Vector3.new(0.27091679, 1, 0.298008472))
Brick=part(Enum.FormFactor.Custom,m7,Enum.Material.Grass,0,0,"Nougat","Brick",Vector3.new(0.200000003, 0.300000012, 0.200000003))
Brickweld=weld(m7,handle2,Brick,CFrame.new(0, 0, 0, 1, 0, 0, 0, 1, 0, 0, 0, 1),CFrame.new(-0.648712158, -1.11469686, -0.334272385, 0.994484782, -2.59728295e-005, 0.104881682, 0.0123268347, 0.99309814, -0.116636731, -0.104154758, 0.117286302, 0.987621248))
mesh("BlockMesh",Brick,"","",Vector3.new(0, 0, 0),Vector3.new(0.27091679, 1, 0.298008472))
Brick=part(Enum.FormFactor.Custom,m7,Enum.Material.Grass,0,0,"Brick yellow","Brick",Vector3.new(0.200000003, 0.300000012, 0.200000003))
Brickweld=weld(m7,handle2,Brick,CFrame.new(0, 0, 0, 1, 0, 0, 0, 1, 0, 0, 0, 1),CFrame.new(-0.336936951, -1.05701137, 0.329097748, -0.531193376, 0.13645336, 0.836190224, -0.0369473994, 0.982275963, -0.183763295, -0.846444607, -0.128508896, -0.516736865))
mesh("BlockMesh",Brick,"","",Vector3.new(0, 0, 0),Vector3.new(0.27091679, 1, 0.298008472))
Brick=part(Enum.FormFactor.Custom,m7,Enum.Material.Grass,0,0,"Sand green","Brick",Vector3.new(0.200000003, 0.300000012, 0.200000003))
Brickweld=weld(m7,handle2,Brick,CFrame.new(0, 0, 0, 1, 0, 0, 0, 1, 0, 0, 0, 1),CFrame.new(-0.224309921, -1.14319706, 0.515205383, -0.431598574, 0.375274032, -0.820299983, 0.0953570455, 0.92324245, 0.372196704, 0.897011578, 0.0824182034, -0.434255153))
mesh("BlockMesh",Brick,"","",Vector3.new(0, 0, 0),Vector3.new(0.27091679, 1, 0.298008472))
Brick=part(Enum.FormFactor.Custom,m7,Enum.Material.Grass,0,0,"Brick yellow","Brick",Vector3.new(0.200000003, 0.300000012, 0.200000003))
Brickweld=weld(m7,handle2,Brick,CFrame.new(0, 0, 0, 1, 0, 0, 0, 1, 0, 0, 0, 1),CFrame.new(-0.344356537, -1.23472786, 0.410236359, -0.876841009, 5.66838753e-005, -0.480780542, -0.056416925, 0.993079126, 0.103009507, 0.477458984, 0.11744713, -0.870769382))
mesh("BlockMesh",Brick,"","",Vector3.new(0, 0, 0),Vector3.new(0.27091679, 1, 0.298008472))
Brick=part(Enum.FormFactor.Custom,m7,Enum.Material.Grass,0,0,"Sand green","Brick",Vector3.new(0.200000003, 0.300000012, 0.200000003))
Brickweld=weld(m7,handle2,Brick,CFrame.new(0, 0, 0, 1, 0, 0, 0, 1, 0, 0, 0, 1),CFrame.new(-0.283985138, -1.01725006, -0.164085388, 0.714907348, 0.375126451, 0.590074301, -0.231624752, 0.923309982, -0.30634746, -0.659740448, 0.0823342353, 0.74696964))
mesh("BlockMesh",Brick,"","",Vector3.new(0, 0, 0),Vector3.new(0.27091679, 1, 0.298008472))
Brick=part(Enum.FormFactor.Custom,m7,Enum.Material.Grass,0,0,"Earth green","Brick",Vector3.new(0.200000003, 0.460558653, 0.200000003))
Brickweld=weld(m7,handle2,Brick,CFrame.new(0, 0, 0, 1, 0, 0, 0, 1, 0, 0, 0, 1),CFrame.new(1.28444672, -0.886089325, -0.0168151855, 0.733933151, -0.168635532, -0.657954633, 0.225437194, 0.974256098, 0.00176547922, 0.640718579, -0.14962317, 0.753055573))
mesh("BlockMesh",Brick,"","",Vector3.new(0, 0, 0),Vector3.new(0.27091679, 1, 0.298008472))
Brick=part(Enum.FormFactor.Custom,m7,Enum.Material.Grass,0,0,"Nougat","Brick",Vector3.new(0.200000003, 0.571634471, 0.200000003))
Brickweld=weld(m7,handle2,Brick,CFrame.new(0, 0, 0, 1, 0, 0, 0, 1, 0, 0, 0, 1),CFrame.new(-0.0239372253, -1.10088062, -0.929363251, 0.811791778, 0.246864706, 0.529199481, -0.137661994, 0.961607277, -0.237403899, -0.56748867, 0.11987187, 0.814608753))
mesh("BlockMesh",Brick,"","",Vector3.new(0, 0, 0),Vector3.new(0.27091679, 1, 0.298008472))
Brick=part(Enum.FormFactor.Custom,m7,Enum.Material.Grass,0,0,"Dark orange","Brick",Vector3.new(0.200000003, 0.322391063, 0.200000003))
Brickweld=weld(m7,handle2,Brick,CFrame.new(0, 0, 0, 1, 0, 0, 0, 1, 0, 0, 0, 1),CFrame.new(0.862281799, -0.673377991, 0.763202667, 0.157747686, -0.345752418, -0.924970806, 0.241325498, 0.921794534, -0.303408653, 0.957537353, -0.175357029, 0.228849828))
mesh("BlockMesh",Brick,"","",Vector3.new(0, 0, 0),Vector3.new(0.27091679, 1, 0.298008472))
Brick=part(Enum.FormFactor.Custom,m7,Enum.Material.Grass,0,0,"Sand green","Brick",Vector3.new(0.200000003, 0.579762042, 0.200000003))
Brickweld=weld(m7,handle2,Brick,CFrame.new(0, 0, 0, 1, 0, 0, 0, 1, 0, 0, 0, 1),CFrame.new(0.524124146, -1.18781567, -0.682189941, 0.935347676, -0.168725237, 0.310896337, 0.110375084, 0.974239945, 0.19665651, -0.336068571, -0.149627015, 0.929876149))
mesh("BlockMesh",Brick,"","",Vector3.new(0, 0, 0),Vector3.new(0.27091679, 1, 0.298008472))
Brick=part(Enum.FormFactor.Custom,m7,Enum.Material.Grass,0,0,"Brick yellow","Brick",Vector3.new(0.200000003, 0.300000012, 0.200000003))
Brickweld=weld(m7,handle2,Brick,CFrame.new(0, 0, 0, 1, 0, 0, 0, 1, 0, 0, 0, 1),CFrame.new(-0.110155106, -1.20356703, 0.440460205, -0.595584214, 0.224563465, -0.771265686, 0.0371576101, 0.966804028, 0.252803117, 0.802433074, 0.12190716, -0.584157407))
mesh("BlockMesh",Brick,"","",Vector3.new(0, 0, 0),Vector3.new(0.27091679, 1, 0.298008472))
Brick=part(Enum.FormFactor.Custom,m7,Enum.Material.Grass,0,0,"Nougat","Brick",Vector3.new(0.200000003, 0.300000012, 0.200000003))
Brickweld=weld(m7,handle2,Brick,CFrame.new(0, 0, 0, 1, 0, 0, 0, 1, 0, 0, 0, 1),CFrame.new(-0.0310592651, -1.12458909, -0.198526382, 0.994484782, -2.59728295e-005, 0.104881682, 0.0123268347, 0.99309814, -0.116636731, -0.104154758, 0.117286302, 0.987621248))
mesh("BlockMesh",Brick,"","",Vector3.new(0, 0, 0),Vector3.new(0.27091679, 1, 0.298008472))
Brick=part(Enum.FormFactor.Custom,m7,Enum.Material.Grass,0,0,"Brick yellow","Brick",Vector3.new(0.200000003, 0.300000012, 0.200000003))
Brickweld=weld(m7,handle2,Brick,CFrame.new(0, 0, 0, 1, 0, 0, 0, 1, 0, 0, 0, 1),CFrame.new(-0.186294556, -1.00406337, 0.94108963, -0.531193376, 0.13645336, 0.836190224, -0.0369473994, 0.982275963, -0.183763295, -0.846444607, -0.128508896, -0.516736865))
mesh("BlockMesh",Brick,"","",Vector3.new(0, 0, 0),Vector3.new(0.27091679, 1, 0.298008472))
Brick=part(Enum.FormFactor.Custom,m7,Enum.Material.Grass,0,0,"Nougat","Brick",Vector3.new(0.200000003, 0.322391063, 0.200000003))
Brickweld=weld(m7,handle2,Brick,CFrame.new(0, 0, 0, 1, 0, 0, 0, 1, 0, 0, 0, 1),CFrame.new(-0.23815918, -1.08058357, -0.139694214, 0.755249143, 0.260963142, 0.601246119, -0.359938711, 0.931755006, 0.0477170981, -0.547761679, -0.252450049, 0.797637939))
mesh("BlockMesh",Brick,"","",Vector3.new(0, 0, 0),Vector3.new(0.27091679, 1, 0.298008472))
Brick=part(Enum.FormFactor.Custom,m7,Enum.Material.Grass,0,0,"Brick yellow","Brick",Vector3.new(0.200000003, 0.322391063, 0.200000003))
Brickweld=weld(m7,handle2,Brick,CFrame.new(0, 0, 0, 1, 0, 0, 0, 1, 0, 0, 0, 1),CFrame.new(-0.102386475, -1.13620377, 0.279071808, -0.297609776, -0.345908791, 0.889817715, -0.284947097, 0.921751738, 0.263018966, -0.911171496, -0.175273925, -0.372887999))
mesh("BlockMesh",Brick,"","",Vector3.new(0, 0, 0),Vector3.new(0.27091679, 1, 0.298008472))
Brick=part(Enum.FormFactor.Custom,m7,Enum.Material.Grass,0,0,"Brick yellow","Brick",Vector3.new(0.200000003, 0.300000012, 0.200000003))
Brickweld=weld(m7,handle2,Brick,CFrame.new(0, 0, 0, 1, 0, 0, 0, 1, 0, 0, 0, 1),CFrame.new(0.277896881, -1.2275238, 0.297203064, -0.876841009, 5.66838753e-005, -0.480780542, -0.056416925, 0.993079126, 0.103009507, 0.477458984, 0.11744713, -0.870769382))
mesh("BlockMesh",Brick,"","",Vector3.new(0, 0, 0),Vector3.new(0.27091679, 1, 0.298008472))
Brick=part(Enum.FormFactor.Custom,m7,Enum.Material.Grass,0,0,"Brick yellow","Brick",Vector3.new(0.200000003, 0.300000012, 0.200000003))
Brickweld=weld(m7,handle2,Brick,CFrame.new(0, 0, 0, 1, 0, 0, 0, 1, 0, 0, 0, 1),CFrame.new(0.40007782, -1.28230524, 0.0750961304, -0.595584214, 0.224563465, -0.771265686, 0.0371576101, 0.966804028, 0.252803117, 0.802433074, 0.12190716, -0.584157407))
mesh("BlockMesh",Brick,"","",Vector3.new(0, 0, 0),Vector3.new(0.27091679, 1, 0.298008472))
Brick=part(Enum.FormFactor.Custom,m7,Enum.Material.Grass,0,0,"Dark orange","Brick",Vector3.new(0.200000003, 0.322391063, 0.200000003))
Brickweld=weld(m7,handle2,Brick,CFrame.new(0, 0, 0, 1, 0, 0, 0, 1, 0, 0, 0, 1),CFrame.new(0.954734802, -0.763097763, 0.143981934, 0.157747686, -0.345752418, -0.924970806, 0.241325498, 0.921794534, -0.303408653, 0.957537353, -0.175357029, 0.228849828))
mesh("BlockMesh",Brick,"","",Vector3.new(0, 0, 0),Vector3.new(0.27091679, 1, 0.298008472))
Brick=part(Enum.FormFactor.Custom,m7,Enum.Material.Grass,0,0,"Brick yellow","Brick",Vector3.new(0.200000003, 0.322391063, 0.200000003))
Brickweld=weld(m7,handle2,Brick,CFrame.new(0, 0, 0, 1, 0, 0, 0, 1, 0, 0, 0, 1),CFrame.new(0.764460564, -0.884032249, 0.24105835, -0.167025968, -0.340009511, -0.925470591, -0.191880628, 0.931918859, -0.307748526, 0.967100918, 0.126177892, -0.220895872))
mesh("BlockMesh",Brick,"","",Vector3.new(0, 0, 0),Vector3.new(0.27091679, 1, 0.298008472))
Brick=part(Enum.FormFactor.Custom,m7,Enum.Material.Grass,0,0,"Nougat","Brick",Vector3.new(0.200000003, 0.300000012, 0.200000003))
Brickweld=weld(m7,handle2,Brick,CFrame.new(0, 0, 0, 1, 0, 0, 0, 1, 0, 0, 0, 1),CFrame.new(-0.618347168, -0.976652622, -0.752529144, 0.811791778, 0.246864706, 0.529199481, -0.137661994, 0.961607277, -0.237403899, -0.56748867, 0.11987187, 0.814608753))
mesh("BlockMesh",Brick,"","",Vector3.new(0, 0, 0),Vector3.new(0.27091679, 1, 0.298008472))
Brick=part(Enum.FormFactor.Custom,m7,Enum.Material.Grass,0,0,"Sand green","Brick",Vector3.new(0.200000003, 0.300000012, 0.200000003))
Brickweld=weld(m7,handle2,Brick,CFrame.new(0, 0, 0, 1, 0, 0, 0, 1, 0, 0, 0, 1),CFrame.new(0.19642067, -1.2804637, 0.063369751, -0.431598574, 0.375274032, -0.820299983, 0.0953570455, 0.92324245, 0.372196704, 0.897011578, 0.0824182034, -0.434255153))
mesh("BlockMesh",Brick,"","",Vector3.new(0, 0, 0),Vector3.new(0.27091679, 1, 0.298008472))
Brick=part(Enum.FormFactor.Custom,m7,Enum.Material.Grass,0,0,"Sand green","Brick",Vector3.new(0.200000003, 0.579762042, 0.200000003))
Brickweld=weld(m7,handle2,Brick,CFrame.new(0, 0, 0, 1, 0, 0, 0, 1, 0, 0, 0, 1),CFrame.new(-0.0982322693, -1.29929733, -0.665618896, 0.935347676, -0.168725237, 0.310896337, 0.110375084, 0.974239945, 0.19665651, -0.336068571, -0.149627015, 0.929876149))
mesh("BlockMesh",Brick,"","",Vector3.new(0, 0, 0),Vector3.new(0.27091679, 1, 0.298008472))
Brick=part(Enum.FormFactor.Custom,m7,Enum.Material.Grass,0,0,"Brick yellow","Brick",Vector3.new(0.200000003, 0.322391063, 0.200000003))
Brickweld=weld(m7,handle2,Brick,CFrame.new(0, 0, 0, 1, 0, 0, 0, 1, 0, 0, 0, 1),CFrame.new(-0.0996818542, -1.02344513, 0.901409149, -0.297609776, -0.345908791, 0.889817715, -0.284947097, 0.921751738, 0.263018966, -0.911171496, -0.175273925, -0.372887999))
mesh("BlockMesh",Brick,"","",Vector3.new(0, 0, 0),Vector3.new(0.27091679, 1, 0.298008472))
Brick=part(Enum.FormFactor.Custom,m7,Enum.Material.Grass,0,0,"Sand green","Brick",Vector3.new(0.200000003, 0.300000012, 0.200000003))
Brickweld=weld(m7,handle2,Brick,CFrame.new(0, 0, 0, 1, 0, 0, 0, 1, 0, 0, 0, 1),CFrame.new(-0.83322525, -0.822624207, 0.0818634033, 0.714907348, 0.375126451, 0.590074301, -0.231624752, 0.923309982, -0.30634746, -0.659740448, 0.0823342353, 0.74696964))
mesh("BlockMesh",Brick,"","",Vector3.new(0, 0, 0),Vector3.new(0.27091679, 1, 0.298008472))
Brick=part(Enum.FormFactor.Custom,m7,Enum.Material.Grass,0,0,"Brick yellow","Brick",Vector3.new(0.200000003, 0.300000012, 0.200000003))
Brickweld=weld(m7,handle2,Brick,CFrame.new(0, 0, 0, 1, 0, 0, 0, 1, 0, 0, 0, 1),CFrame.new(0.408187866, -1.21964455, -0.849992752, 0.862166822, 0.246953562, -0.442359954, -0.27449435, 0.961587012, 0.00182524766, 0.425818324, 0.119851634, 0.896835744))
mesh("BlockMesh",Brick,"","",Vector3.new(0, 0, 0),Vector3.new(0.27091679, 1, 0.298008472))
Brick=part(Enum.FormFactor.Custom,m7,Enum.Material.Grass,0,0,"Earth green","Brick",Vector3.new(0.200000003, 0.460558653, 0.200000003))
Brickweld=weld(m7,handle2,Brick,CFrame.new(0, 0, 0, 1, 0, 0, 0, 1, 0, 0, 0, 1),CFrame.new(0.976715088, -1.0276289, -0.550941467, 0.733933151, -0.168635532, -0.657954633, 0.225437194, 0.974256098, 0.00176547922, 0.640718579, -0.14962317, 0.753055573))
mesh("BlockMesh",Brick,"","",Vector3.new(0, 0, 0),Vector3.new(0.27091679, 1, 0.298008472))
Brick=part(Enum.FormFactor.Custom,m7,Enum.Material.Grass,0,0,"Nougat","Brick",Vector3.new(0.200000003, 0.322391063, 0.200000003))
Brickweld=weld(m7,handle2,Brick,CFrame.new(0, 0, 0, 1, 0, 0, 0, 1, 0, 0, 0, 1),CFrame.new(-0.813137054, -0.879833221, 0.0309677124, 0.755249143, 0.260963142, 0.601246119, -0.359938711, 0.931755006, 0.0477170981, -0.547761679, -0.252450049, 0.797637939))
mesh("BlockMesh",Brick,"","",Vector3.new(0, 0, 0),Vector3.new(0.27091679, 1, 0.298008472))
Brick=part(Enum.FormFactor.Custom,m7,Enum.Material.Grass,0,0,"Brick yellow","Brick",Vector3.new(0.200000003, 0.322391063, 0.200000003))
Brickweld=weld(m7,handle2,Brick,CFrame.new(0, 0, 0, 1, 0, 0, 0, 1, 0, 0, 0, 1),CFrame.new(0.325443268, -0.80355072, -0.0744476318, -0.297609776, -0.345908791, 0.889817715, -0.284947097, 0.921751738, 0.263018966, -0.911171496, -0.175273925, -0.372887999))
mesh("BlockMesh",Brick,"","",Vector3.new(0, 0, 0),Vector3.new(0.27091679, 1, 0.298008472))
Brick=part(Enum.FormFactor.Custom,m7,Enum.Material.Grass,0,0,"Brick yellow","Brick",Vector3.new(0.200000003, 0.300000012, 0.200000003))
Brickweld=weld(m7,handle2,Brick,CFrame.new(0, 0, 0, 1, 0, 0, 0, 1, 0, 0, 0, 1),CFrame.new(-0.720508575, -1.15811157, -0.0620651245, -0.876841009, 5.66838753e-005, -0.480780542, -0.056416925, 0.993079126, 0.103009507, 0.477458984, 0.11744713, -0.870769382))
mesh("BlockMesh",Brick,"","",Vector3.new(0, 0, 0),Vector3.new(0.27091679, 1, 0.298008472))
Brick=part(Enum.FormFactor.Custom,m7,Enum.Material.Grass,0,0,"Nougat","Brick",Vector3.new(0.200000003, 0.300000012, 0.200000003))
Brickweld=weld(m7,handle2,Brick,CFrame.new(0, 0, 0, 1, 0, 0, 0, 1, 0, 0, 0, 1),CFrame.new(0.131317139, -1.17288518, 0.386053085, 0.994484782, -2.59728295e-005, 0.104881682, 0.0123268347, 0.99309814, -0.116636731, -0.104154758, 0.117286302, 0.987621248))
mesh("BlockMesh",Brick,"","",Vector3.new(0, 0, 0),Vector3.new(0.27091679, 1, 0.298008472))
Brick=part(Enum.FormFactor.Custom,m7,Enum.Material.Grass,0,0,"Sand green","Brick",Vector3.new(0.200000003, 0.579762042, 0.200000003))
Brickweld=weld(m7,handle2,Brick,CFrame.new(0, 0, 0, 1, 0, 0, 0, 1, 0, 0, 0, 1),CFrame.new(0.8007164, -1.03871679, -0.160949707, 0.935347676, -0.168725237, 0.310896337, 0.110375084, 0.974239945, 0.19665651, -0.336068571, -0.149627015, 0.929876149))
mesh("BlockMesh",Brick,"","",Vector3.new(0, 0, 0),Vector3.new(0.27091679, 1, 0.298008472))
Brick=part(Enum.FormFactor.Custom,m7,Enum.Material.Grass,0,0,"Sand green","Brick",Vector3.new(0.200000003, 0.579762042, 0.200000003))
